0,431
0,430
0,429
0,428
0,427
0,426
0,425
0,424
36,3
36,2
0,423
36,1
36,0
0,422
0,421
0,420
35,3
35,2
0,419
0,418
35,1
35,0
0,417
0,416
0,415
34,3
34,2
0,414
0,413
34,1
34,0
0,412
0,411
0,410
0,409
33,4
0,408
0,407
0,406
33,3
33,2
33,1
33,0
32,4
0,405
32,3
32,2
32,1
32,0
0,404
0,403
0,402
0,401
0,400
0,399
0,398
0,397
0,396
0,395
0,394
0,278
0,393
0,392
0,391
0,390
31,3
31,2
31,1
31,0
0,389
0,388
0,387
0,386
0,385
0,243
30,3
30,2
30,1
30,0
29,3
29,2
29,1
29,0
28,52
28,51
28,50
28,49
28,48
28,47
28,46
28,45
28,44
28,43
28,42
28,41
28,40
28,39
28,38
28,37
28,36
28,35
3,1
3,3
10,113
10,95
10,177
10,33
10,252
